              0              1
           0.01     0.98896434
           0.02     0.97792975
           0.03      0.9668972
           0.04     0.95586772
           0.05     0.94484232
           0.06     0.93382201
           0.07      0.9228078
           0.08     0.91180069
           0.09     0.90080168
            0.1     0.88981174
           0.11     0.87883187
           0.12     0.86786302
           0.13     0.85690615
           0.14     0.84596221
           0.15     0.83503213
           0.16     0.82411683
           0.17     0.81321721
           0.18     0.80233415
           0.19     0.79146854
            0.2     0.78062122
           0.21     0.76979303
           0.22     0.75898479
           0.23     0.74819729
           0.24     0.73743132
           0.25     0.72668763
           0.26     0.71596695
           0.27        0.70527
           0.28     0.69459745
           0.29     0.68394999
            0.3     0.67332824
           0.31     0.66273281
           0.32     0.65216431
           0.33     0.64162328
           0.34     0.63111026
           0.35     0.62062575
           0.36     0.61017024
           0.37     0.59974417
           0.38     0.58934797
           0.39     0.57898202
            0.4     0.56864669
           0.41      0.5583423
           0.42     0.54806916
           0.43     0.53782754
           0.44     0.52761766
           0.45     0.51743975
           0.46     0.50729397
           0.47     0.49718047
           0.48     0.48709936
           0.49     0.47705072
            0.5      0.4670346
           0.51     0.45705101
           0.52     0.44709994
           0.53     0.43718133
           0.54     0.42729511
           0.55     0.41744117
           0.56     0.40761935
           0.57     0.39782949
           0.58     0.38807137
           0.59     0.37834476
            0.6     0.36864939
           0.61     0.35898495
           0.62     0.34935111
           0.63     0.33974752
           0.64     0.33017378
           0.65     0.32062946
           0.66     0.31111413
           0.67      0.3016273
           0.68     0.29216846
           0.69     0.28273708
            0.7      0.2733326
           0.71     0.26395443
           0.72     0.25460196
           0.73     0.24527455
           0.74     0.23597153
           0.75     0.22669222
           0.76      0.2174359
           0.77     0.20820185
           0.78      0.1989893
           0.79     0.18979747
            0.8     0.18062558
           0.81      0.1714728
           0.82      0.1623383
           0.83     0.15322123
           0.84     0.14412071
           0.85     0.13503585
           0.86     0.12596575
           0.87      0.1169095
           0.88     0.10786616
           0.89    0.098834794
            0.9    0.089814441
           0.91    0.080804136
           0.92    0.071802902
           0.93    0.062809755
           0.94      0.0538237
           0.95    0.044843739
           0.96    0.035868864
           0.97    0.026898064
           0.98    0.017930324
           0.99   0.0089646252
              1              0
