              0              1
           0.01     0.98215784
           0.02     0.96432497
           0.03      0.9465099
           0.04     0.92872149
           0.05     0.91096855
           0.06     0.89325987
           0.07     0.87560413
           0.08     0.85800997
           0.09     0.84048591
            0.1     0.82304038
           0.11     0.80568168
           0.12       0.788418
           0.13     0.77125736
           0.14     0.75420766
           0.15     0.73727661
           0.16     0.72047175
           0.17     0.70380045
           0.18     0.68726988
           0.19     0.67088699
            0.2     0.65465853
           0.21     0.63859104
           0.22     0.62269081
           0.23      0.6069639
           0.24     0.59141614
           0.25     0.57605309
           0.26     0.56088006
           0.27     0.54590212
           0.28     0.53112404
           0.29     0.51655034
            0.3     0.50218528
           0.31     0.48803281
           0.32     0.47409662
           0.33     0.46038013
           0.34     0.44688647
           0.35     0.43361847
           0.36     0.42057869
           0.37     0.40776942
           0.38     0.39519265
           0.39      0.3828501
            0.4     0.37074319
           0.41     0.35887309
           0.42     0.34724067
           0.43     0.33584656
           0.44     0.32469109
           0.45     0.31377435
           0.46     0.30309614
           0.47     0.29265604
           0.48     0.28245335
           0.49     0.27248714
            0.5     0.26275624
           0.51     0.25325924
           0.52     0.24399449
           0.53     0.23496014
           0.54     0.22615412
           0.55     0.21757413
           0.56     0.20921768
           0.57     0.20108209
           0.58     0.19316448
           0.59      0.1854618
            0.6      0.1779708
           0.61     0.17068809
           0.62     0.16361009
           0.63     0.15673309
           0.64     0.15005321
           0.65     0.14356644
           0.66     0.13726864
           0.67     0.13115554
           0.68     0.12522273
           0.69     0.11946571
            0.7     0.11387985
           0.71     0.10846044
           0.72     0.10320265
           0.73    0.098101578
           0.74    0.093152227
           0.75    0.088349524
           0.76    0.083688318
           0.77    0.079163391
           0.78    0.074769462
           0.79    0.070501189
            0.8    0.066353172
           0.81    0.062319965
           0.82    0.058396071
           0.83    0.054575953
           0.84    0.050854031
           0.85    0.047224691
           0.86    0.043682288
           0.87    0.040221143
           0.88    0.036835554
           0.89    0.033519793
            0.9     0.03026811
           0.91    0.027074737
           0.92    0.023933888
           0.93    0.020839763
           0.94    0.017786549
           0.95     0.01476842
           0.96    0.011779543
           0.97   0.0088140764
           0.98   0.0058661733
           0.99   0.0029299817
              1              0
