              0              1
           0.01     0.98896438
           0.02     0.97792979
           0.03     0.96689725
           0.04     0.95586778
           0.05     0.94484238
           0.06     0.93382207
           0.07     0.92280787
           0.08     0.91180076
           0.09     0.90080175
            0.1     0.88981182
           0.11     0.87883195
           0.12      0.8678631
           0.13     0.85690624
           0.14      0.8459623
           0.15     0.83503222
           0.16     0.82411692
           0.17      0.8132173
           0.18     0.80233425
           0.19     0.79146864
            0.2     0.78062132
           0.21     0.76979314
           0.22      0.7589849
           0.23     0.74819741
           0.24     0.73743144
           0.25     0.72668775
           0.26     0.71596707
           0.27     0.70527012
           0.28     0.69459758
           0.29     0.68395012
            0.3     0.67332837
           0.31     0.66273295
           0.32     0.65216444
           0.33     0.64162341
           0.34     0.63111039
           0.35     0.62062589
           0.36     0.61017038
           0.37     0.59974431
           0.38     0.58934811
           0.39     0.57898217
            0.4     0.56864683
           0.41     0.55834245
           0.42     0.54806931
           0.43     0.53782768
           0.44     0.52761781
           0.45      0.5174399
           0.46     0.50729412
           0.47     0.49718062
           0.48     0.48709951
           0.49     0.47705087
            0.5     0.46703475
           0.51     0.45705116
           0.52     0.44710009
           0.53     0.43718148
           0.54     0.42729526
           0.55     0.41744132
           0.56      0.4076195
           0.57     0.39782964
           0.58     0.38807152
           0.59     0.37834491
            0.6     0.36864953
           0.61     0.35898509
           0.62     0.34935126
           0.63     0.33974766
           0.64     0.33017392
           0.65      0.3206296
           0.66     0.31111427
           0.67     0.30162743
           0.68     0.29216859
           0.69     0.28273721
            0.7     0.27333273
           0.71     0.26395456
           0.72     0.25460209
           0.73     0.24527467
           0.74     0.23597165
           0.75     0.22669234
           0.76     0.21743602
           0.77     0.20820196
           0.78     0.19898941
           0.79     0.18979758
            0.8     0.18062569
           0.81     0.17147291
           0.82     0.16233841
           0.83     0.15322133
           0.84      0.1441208
           0.85     0.13503594
           0.86     0.12596584
           0.87     0.11690958
           0.88     0.10786624
           0.89    0.098834873
            0.9    0.089814517
           0.91    0.080804208
           0.92    0.071802971
           0.93     0.06280982
           0.94    0.053823762
           0.95    0.044843796
           0.96    0.035868918
           0.97    0.026898114
           0.98     0.01793037
           0.99   0.0089646679
              1              0
