              0              1
           0.01     0.98215814
           0.02     0.96432528
           0.03     0.94651022
           0.04     0.92872181
           0.05     0.91096888
           0.06      0.8932602
           0.07     0.87560447
           0.08     0.85801032
           0.09     0.84048626
            0.1     0.82304074
           0.11     0.80568204
           0.12     0.78841836
           0.13     0.77125773
           0.14     0.75420803
           0.15     0.73727698
           0.16     0.72047213
           0.17     0.70380084
           0.18     0.68727026
           0.19     0.67088738
            0.2     0.65465892
           0.21     0.63859143
           0.22      0.6226912
           0.23     0.60696429
           0.24     0.59141653
           0.25     0.57605348
           0.26     0.56088046
           0.27     0.54590251
           0.28     0.53112443
           0.29     0.51655073
            0.3     0.50218567
           0.31      0.4880332
           0.32     0.47409701
           0.33     0.46038052
           0.34     0.44688685
           0.35     0.43361885
           0.36     0.42057908
           0.37      0.4077698
           0.38     0.39519303
           0.39     0.38285047
            0.4     0.37074356
           0.41     0.35887346
           0.42     0.34724105
           0.43     0.33584693
           0.44     0.32469146
           0.45     0.31377471
           0.46      0.3030965
           0.47      0.2926564
           0.48     0.28245371
           0.49      0.2724875
            0.5     0.26275659
           0.51     0.25325959
           0.52     0.24399484
           0.53     0.23496049
           0.54     0.22615446
           0.55     0.21757447
           0.56     0.20921802
           0.57     0.20108243
           0.58     0.19316482
           0.59     0.18546213
            0.6     0.17797113
           0.61     0.17068841
           0.62     0.16361041
           0.63     0.15673341
           0.64     0.15005353
           0.65     0.14356676
           0.66     0.13726896
           0.67     0.13115585
           0.68     0.12522304
           0.69     0.11946602
            0.7     0.11388016
           0.71     0.10846075
           0.72     0.10320296
           0.73    0.098101886
           0.74    0.093152534
           0.75    0.088349829
           0.76    0.083688622
           0.77    0.079163695
           0.78    0.074769765
           0.79     0.07050149
            0.8    0.066353472
           0.81    0.062320264
           0.82    0.058396369
           0.83    0.054576249
           0.84    0.050854326
           0.85    0.047224986
           0.86    0.043682581
           0.87    0.040221435
           0.88    0.036835845
           0.89    0.033520082
            0.9    0.030268398
           0.91    0.027075023
           0.92    0.023934173
           0.93    0.020840046
           0.94    0.017786829
           0.95    0.014768698
           0.96    0.011779819
           0.97     0.00881435
           0.98   0.0058664443
           0.99   0.0029302498
              1              0
