              0              1
           0.01     0.98216828
           0.02     0.96433657
           0.03     0.94654038
           0.04     0.92874419
           0.05     0.91101884
           0.06     0.89329349
           0.07     0.87567386
           0.08     0.85805424
           0.09     0.84057459
            0.1     0.82309494
           0.11     0.80578867
           0.12      0.7884824
           0.13      0.7713819
           0.14      0.7542814
           0.15     0.73741782
           0.16     0.72055424
           0.17     0.70395736
           0.18     0.68736047
           0.19      0.6710585
            0.2     0.65475653
           0.21       0.638776
           0.22     0.62279547
           0.23     0.60716108
           0.24     0.59152669
           0.25     0.57626119
           0.26     0.56099569
           0.27     0.54611981
           0.28     0.53124393
           0.29     0.51677626
            0.3     0.50230859
           0.31     0.48826557
           0.32     0.47422254
           0.33     0.46061836
           0.34     0.44701417
           0.35     0.43386077
           0.36     0.42070737
           0.37     0.40801446
           0.38     0.39532154
           0.39     0.38309654
            0.4     0.37087154
           0.41     0.35911967
           0.42     0.34736779
           0.43     0.33609206
           0.44     0.32481632
           0.45      0.3140176
           0.46     0.30321887
           0.47     0.29289595
           0.48     0.28257303
           0.49     0.27272271
            0.5     0.26287238
           0.51     0.25348951
           0.52     0.24410665
           0.53     0.23518428
           0.54     0.22626192
           0.55     0.21779136
           0.56      0.2093208
           0.57     0.20129174
           0.58     0.19326268
           0.59     0.18566327
            0.6     0.17806386
           0.61     0.17088087
           0.62     0.16369788
           0.63     0.15691675
           0.64     0.15013562
           0.65     0.14374064
           0.66     0.13734565
           0.67     0.13131998
           0.68     0.12529432
           0.69     0.11962019
            0.7     0.11394606
           0.71      0.1086048
           0.72     0.10326355
           0.73    0.098235736
           0.74    0.093207922
           0.75    0.088473425
           0.76    0.083738928
           0.77    0.079277028
           0.78    0.074815128
           0.79    0.070604586
            0.8    0.066394045
           0.81    0.062413177
           0.82     0.05843231
           0.83    0.054659052
           0.84    0.050885793
           0.85    0.047297762
           0.86     0.04370973
           0.87    0.040284277
           0.88    0.036858823
           0.89    0.033573081
            0.9    0.030287338
           0.91    0.027118266
           0.92    0.023949193
           0.93    0.020873611
           0.94    0.017798028
           0.95    0.014792649
           0.96    0.011787271
           0.97   0.0088287364
           0.98   0.0058702017
           0.99   0.0029351009
              1              0
