              0              1
           0.01     0.98896592
           0.02     0.97793184
           0.03     0.96690184
           0.04     0.95587184
           0.05     0.94484999
           0.06     0.93382814
           0.07     0.92281847
           0.08     0.91180881
           0.09     0.90081531
            0.1     0.88982181
           0.11     0.87884841
           0.12       0.867875
           0.13     0.85692554
           0.14     0.84597607
           0.15     0.83505428
           0.16      0.8241325
           0.17     0.81324203
           0.18     0.80235157
           0.19     0.79149594
            0.2     0.78064032
           0.21      0.7698229
           0.22     0.75900549
           0.23     0.74822952
           0.24     0.73745355
           0.25     0.72672209
           0.26     0.71599062
           0.27     0.70530654
           0.28     0.69462247
           0.29     0.68398848
            0.3     0.67335449
           0.31      0.6627731
           0.32      0.6521917
           0.33     0.64166519
           0.34     0.63113868
           0.35     0.62066914
           0.36     0.61019959
           0.37     0.59978886
           0.38     0.58937813
           0.39     0.57902783
            0.4     0.56867753
           0.41     0.55838905
           0.42     0.54810056
           0.43     0.53787504
           0.44     0.52764951
           0.45     0.51748782
           0.46     0.50732613
           0.47     0.49722892
           0.48     0.48713171
           0.49     0.47709936
            0.5     0.46706701
           0.51     0.45709964
           0.52     0.44713228
           0.53     0.43722977
           0.54     0.42732726
           0.55     0.41748921
           0.56     0.40765117
           0.57     0.39787696
           0.58     0.38810275
           0.59     0.37839147
            0.6     0.36868019
           0.61     0.35903071
           0.62     0.34938123
           0.63     0.33979215
           0.64     0.33020308
           0.65      0.3206728
           0.66     0.31114251
           0.67     0.30166916
           0.68      0.2921958
           0.69      0.2827773
            0.7      0.2733588
           0.71     0.26399286
           0.72     0.25462692
           0.73     0.24531103
           0.74     0.23599514
           0.75     0.22672661
           0.76     0.21745808
           0.77     0.20823401
           0.78     0.19900995
           0.79     0.18982729
            0.8     0.18064463
           0.81     0.17150015
           0.82     0.16235567
           0.83       0.153246
           0.84     0.14413632
           0.85     0.13505794
           0.86     0.12597956
           0.87     0.11692883
           0.88     0.10787811
           0.89    0.098851292
            0.9    0.089824477
           0.91    0.080817733
           0.92    0.071810989
           0.93    0.062820398
           0.94    0.053829807
           0.95    0.044851386
           0.96    0.035872965
           0.97    0.026902685
           0.98    0.017932404
           0.99   0.0089662021
              1              0
